cma Heap bitmap:
0016M@0xfbb00000: 00000000 00000000 00000000 00000000 00000000 00000000 00000000 00000000
0015M@0xfba00000: 00000000 00000000 00000000 00000000 00000000 00000000 00000000 00000000
0014M@0xfb900000: 00000000 00000000 00000000 00000000 00000000 00000000 00000000 00000000
0013M@0xfb800000: 00000000 00000000 00000000 00000000 00000000 00000000 00000000 00000000
0012M@0xfb700000: 00000000 00000000 00000000 00000000 00000000 00000000 00000000 00000000
0011M@0xfb600000: 00000000 00000000 00000000 00000000 00000000 00000000 00000000 00000000
0010M@0xfb500000: 00000000 00000000 00000000 00000000 00000000 00000000 00000000 00000000
0009M@0xfb400000: 00000000 00000000 00000000 00000000 00000000 00000000 00000000 00000000
0008M@0xfb300000: 00000000 00000000 00000000 00000000 00000000 00000000 00000000 00000000
0007M@0xfb200000: 00000000 00000000 00000000 00000000 00000000 00000000 00000000 00000000
0006M@0xfb100000: 00000000 00000000 00000000 00000000 00000000 00000000 00000000 00000000
0005M@0xfb000000: 00000000 00000000 00000000 00000000 00000000 00000000 00000000 00000000
0004M@0xfaf00000: 00000000 00000000 00000000 00000000 00000000 00000000 00000000 00000000
0003M@0xfae00000: 00000000 00000000 00000000 00000000 00000000 00000000 00000000 00000000
0002M@0xfad00000: 00000000 00000000 00000000 00000000 00000000 00000000 00000000 00000000
0001M@0xfac00000: 00000000 00000000 00000000 00000000 00000000 00000000 00000000 00000000
Heap size: 16M, Heap base: 0xfac00000

