Unknown argument: --checkin; use -h for help
time,2651157,21460123
3,910,com.royole.bwlauncher,7432,22125,N/A,29557,6309,13404,N/A,19713,1122,8721,N/A,9843,5667,12670,7475,25812,0,0,1464,1464,1716,1644,4076,7436,0,0,26112,26112,5516,12388,1524,19428,0,0,1704,1704,Dalvik Other,217,0,8,0,216,0,Stack,196,0,0,0,196,0,Cursor,0,0,0,0,0,0,Ashmem,0,0,0,0,0,0,Gfx dev,0,0,0,0,0,0,Other dev,5,0,28,0,0,4,.so mmap,1587,108,2512,7092,100,108,.jar mmap,0,0,0,0,0,0,.apk mmap,287,20,0,1552,0,20,.ttf mmap,27,20,0,20,0,20,.dex mmap,1056,1052,0,8,0,1052,.oat mmap,1792,264,0,8976,0,264,.art mmap,1367,0,1392,7948,488,0,Other mmap,417,0,8,516,4,236,EGL mtrack,0,0,0,0,0,0,GL mtrack,0,0,0,0,0,0,Other mtrack,0,0,0,0,0,0,166,1,3,1,2,2,10,17,0,0,0,0,0,0
3,1056,com.android.settings,2420,2651,N/A,5071,2296,2020,N/A,4316,123,631,N/A,754,787,2075,5699,8561,0,0,1868,1868,1792,584,3612,5988,0,0,19208,19208,628,2016,1720,4364,0,0,1872,1872,Dalvik Other,144,0,4,0,144,0,Stack,92,0,4,0,92,0,Cursor,0,0,0,0,0,0,Ashmem,0,0,0,0,0,0,Gfx dev,0,0,0,0,0,0,Other dev,4,0,24,0,0,4,.so mmap,455,0,2540,3432,64,0,.jar mmap,0,0,0,0,0,0,.apk mmap,1402,1196,0,1376,0,1196,.ttf mmap,0,0,0,0,0,0,.dex mmap,676,672,0,8,0,672,.oat mmap,741,0,0,6340,0,0,.art mmap,1734,0,848,8004,976,0,Other mmap,6,0,8,48,4,0,EGL mtrack,0,0,0,0,0,0,GL mtrack,0,0,0,0,0,0,Other mtrack,0,0,0,0,0,0,1,0,2,0,2,2,7,10,0,0,0,0,0,0
3,1100,com.android.onetimeinitializer,2328,2348,N/A,4676,2215,1793,N/A,4008,112,555,N/A,667,684,1899,3257,5840,0,0,44,44,1808,600,3636,6044,0,0,16108,16108,520,1836,1632,3988,0,0,48,48,Dalvik Other,136,0,4,0,136,0,Stack,84,0,4,0,84,0,Cursor,0,0,0,0,0,0,Ashmem,0,0,0,0,0,0,Gfx dev,0,0,0,0,0,0,Other dev,5,0,32,0,0,4,.so mmap,428,0,2540,3244,64,0,.jar mmap,0,0,0,0,0,0,.apk mmap,4,4,0,4,0,4,.ttf mmap,0,0,0,0,0,0,.dex mmap,44,40,0,8,0,40,.oat mmap,433,0,0,4744,0,0,.art mmap,1672,0,864,8060,904,0,Other mmap,6,0,8,48,4,0,EGL mtrack,0,0,0,0,0,0,GL mtrack,0,0,0,0,0,0,Other mtrack,0,0,0,0,0,0,0,0,2,0,1,1,2,7,0,0,0,0,0,0
3,1079,com.android.managedprovisioning,2332,2404,N/A,4736,2218,1835,N/A,4053,113,569,N/A,682,690,1938,3510,6138,0,0,292,292,1804,596,3628,6028,0,0,16180,16180,528,1876,1632,4036,0,0,296,296,Dalvik Other,136,0,4,0,136,0,Stack,84,0,4,0,84,0,Cursor,0,0,0,0,0,0,Ashmem,0,0,0,0,0,0,Gfx dev,0,0,0,0,0,0,Other dev,4,0,24,0,0,4,.so mmap,428,0,2540,3252,64,0,.jar mmap,0,0,0,0,0,0,.apk mmap,108,108,0,4,0,108,.ttf mmap,0,0,0,0,0,0,.dex mmap,188,184,0,8,0,184,.oat mmap,439,0,0,4808,0,0,.art mmap,1672,0,864,8060,904,0,Other mmap,6,0,8,48,4,0,EGL mtrack,0,0,0,0,0,0,GL mtrack,0,0,0,0,0,0,Other mtrack,0,0,0,0,0,0,0,0,2,0,2,2,2,7,0,0,0,0,0,0
3,1035,com.android.keychain,2336,2373,N/A,4709,2219,1812,N/A,4031,116,561,N/A,677,690,1912,3346,5948,0,0,100,100,1804,588,3624,6016,0,0,16156,16156,528,1852,1644,4024,0,0,104,104,Dalvik Other,136,0,4,0,136,0,Stack,84,0,4,0,84,0,Cursor,0,0,0,0,0,0,Ashmem,0,0,0,0,0,0,Gfx dev,0,0,0,0,0,0,Other dev,4,0,24,0,0,4,.so mmap,429,0,2540,3244,64,0,.jar mmap,0,0,0,0,0,0,.apk mmap,32,32,0,4,0,32,.ttf mmap,0,0,0,0,0,0,.dex mmap,64,60,0,8,0,60,.oat mmap,463,8,0,4800,0,8,.art mmap,1683,0,860,8052,916,0,Other mmap,6,0,8,48,4,0,EGL mtrack,0,0,0,0,0,0,GL mtrack,0,0,0,0,0,0,Other mtrack,0,0,0,0,0,0,0,0,2,0,2,2,2,7,0,0,0,0,0,0
3,1000,android.process.acore,3432,2905,N/A,6337,3300,2211,N/A,5511,131,694,N/A,825,1806,2304,5647,9757,0,0,1304,1304,1784,516,3624,5924,0,0,19780,19780,1648,2256,1752,5656,0,0,1560,1560,Dalvik Other,164,0,0,0,164,0,Stack,116,0,4,0,116,0,Cursor,0,0,0,0,0,0,Ashmem,0,0,0,0,0,0,Gfx dev,0,0,0,0,0,0,Other dev,5,0,32,0,0,4,.so mmap,742,88,2532,4088,72,88,.jar mmap,0,0,0,0,0,0,.apk mmap,220,60,0,1128,0,60,.ttf mmap,0,0,0,0,0,0,.dex mmap,1124,1116,0,16,0,1116,.oat mmap,808,40,0,6304,0,40,.art mmap,1704,0,864,8028,940,0,Other mmap,303,0,8,216,4,252,EGL mtrack,0,0,0,0,0,0,GL mtrack,0,0,0,0,0,0,Other mtrack,0,0,0,0,0,0,0,0,3,0,3,3,8,12,0,0,867,867,236,62,/data/user/0/com.android.providers.contacts/databases/profile.db,4,300,488,29/69/24,29/69/24,  (attached) presence_db,1,9,0,0/0/0,0/0/0,/data/user/0/com.android.providers.contacts/databases/contacts2.db,4,300,490,36/72/25,36/72/25,  (attached) presence_db,1,9,0,0/0/0,0/0/0
3,893,com.royole.bwsettings,2344,2963,N/A,5307,2221,1882,N/A,4103,122,1081,N/A,1203,685,1097,2750,4532,0,0,96,96,1836,1952,4232,8020,0,0,15216,15216,508,704,1032,2244,0,0,100,100,Dalvik Other,149,0,8,0,148,0,Stack,80,0,4,0,80,0,Cursor,0,0,0,0,0,0,Ashmem,0,0,0,0,0,0,Gfx dev,0,0,0,0,0,0,Other dev,4,0,24,0,0,4,.so mmap,423,0,2540,3196,64,0,.jar mmap,0,0,0,0,0,0,.apk mmap,93,88,0,44,0,88,.ttf mmap,0,0,0,0,0,0,.dex mmap,12,8,0,8,0,8,.oat mmap,328,0,0,3852,0,0,.art mmap,1210,0,1464,8068,296,0,Other mmap,6,0,8,48,4,0,EGL mtrack,0,0,0,0,0,0,GL mtrack,0,0,0,0,0,0,Other mtrack,0,0,0,0,0,0,0,0,2,0,2,2,2,7,0,0,0,0,0,0
3,854,com.android.inputmethod.pinyin,27604,2541,N/A,30145,27466,1938,N/A,29404,137,603,N/A,740,25957,2024,4395,32376,0,0,424,424,1776,544,3568,5888,0,0,19064,19064,25800,1972,1796,29568,0,0,428,428,Dalvik Other,140,0,0,0,140,0,Stack,88,0,4,0,88,0,Cursor,0,0,0,0,0,0,Ashmem,0,0,0,0,0,0,Gfx dev,0,0,0,0,0,0,Other dev,4,0,24,0,0,4,.so mmap,604,104,2536,3624,80,104,.jar mmap,0,0,0,0,0,0,.apk mmap,102,40,0,376,0,40,.ttf mmap,0,0,0,0,0,0,.dex mmap,180,176,0,8,0,176,.oat mmap,1027,104,0,6988,0,104,.art mmap,1762,0,836,7984,1008,0,Other mmap,7,0,8,84,4,0,EGL mtrack,0,0,0,0,0,0,GL mtrack,0,0,0,0,0,0,Other mtrack,0,0,0,0,0,0,9,0,4,0,2,2,8,15,0,0,0,0,0,0
3,713,com.android.systemui,5964,28022,N/A,33986,5561,16954,N/A,22515,402,11068,N/A,11470,4241,17963,13298,35502,0,0,5128,5128,1704,1188,3804,6696,0,0,29856,29856,4092,17736,2360,24188,0,0,5284,5284,Dalvik Other,324,0,4,0,324,0,Stack,240,0,0,0,240,0,Cursor,0,0,0,0,0,0,Ashmem,0,0,0,0,0,0,Gfx dev,0,0,0,0,0,0,Other dev,6,0,36,0,0,4,.so mmap,1655,24,2496,7568,116,24,.jar mmap,0,0,0,0,0,0,.apk mmap,1353,1040,0,1676,0,1040,.ttf mmap,15,0,0,36,0,0,.dex mmap,3024,3020,0,8,0,3020,.oat mmap,3853,1044,0,12372,0,1044,.art mmap,1924,0,1132,7556,1140,0,Other mmap,364,0,8,640,4,152,EGL mtrack,0,0,0,0,0,0,GL mtrack,0,0,0,0,0,0,Other mtrack,0,0,0,0,0,0,363,2,5,0,2,2,119,46,3,0,0,0,0,0
3,650,android.process.media,3508,3512,N/A,7020,3371,2233,N/A,5604,136,1279,N/A,1415,1882,2084,5431,9397,0,0,1076,1076,1784,1664,4072,7520,0,0,21212,21212,1724,1804,1408,4936,0,0,1144,1144,Dalvik Other,187,0,12,0,184,0,Stack,104,0,4,0,104,0,Cursor,0,0,0,0,0,0,Ashmem,0,0,0,0,0,0,Gfx dev,0,0,0,0,0,0,Other dev,6,0,36,0,0,4,.so mmap,773,48,2528,4212,76,48,.jar mmap,0,0,0,0,0,0,.apk mmap,275,116,0,1104,0,116,.ttf mmap,0,0,0,0,0,0,.dex mmap,692,684,0,16,0,684,.oat mmap,1353,228,0,7604,0,228,.art mmap,1436,0,1300,7948,584,0,Other mmap,144,0,8,328,4,64,EGL mtrack,0,0,0,0,0,0,GL mtrack,0,0,0,0,0,0,Other mtrack,0,0,0,0,0,0,0,0,6,0,3,3,12,14,0,0,883,883,368,62,/data/data/com.android.providers.media/databases/external-ffffffff.db,4,236,24,10/28/3,10/28/3,/data/data/com.android.providers.media/databases/external-ffffffff.db (1),4,236,64,55/34/9,55/34/9,/data/data/com.android.providers.downloads/databases/downloads.db,4,24,199,8/28/5,8/28/5,/data/data/com.android.providers.media/databases/internal.db,4,264,22,2/26/3,2/26/3,/data/data/com.android.providers.media/databases/internal.db (1),4,264,45,429/29/6,429/29/6
3,460,unknown,5580,10900,N/A,16480,4718,9423,N/A,14141,861,1477,N/A,2338,5070,11468,29575,46113,0,0,16392,16392,328,8,1668,2004,0,0,37288,37288,5044,11468,4752,21264,0,0,16444,16444,Dalvik Other,652,0,0,0,652,0,Stack,516,0,0,0,516,0,Cursor,4,0,0,0,4,0,Ashmem,0,0,0,0,0,0,Gfx dev,0,0,0,0,0,0,Other dev,6,0,36,0,0,4,.so mmap,4911,800,1488,12612,952,800,.jar mmap,4,4,0,0,0,4,.apk mmap,869,136,0,2504,0,136,.ttf mmap,0,0,0,0,0,0,.dex mmap,11104,11076,0,56,0,11076,.oat mmap,7486,3920,0,13992,0,3920,.art mmap,2898,456,84,7316,1816,456,Other mmap,315,0,8,808,4,48,EGL mtrack,0,0,0,0,0,0,GL mtrack,0,0,0,0,0,0,Other mtrack,0,0,0,0,0,0,1,1,11,0,4,4,100,175,93,0,403,403,90,62,/data/system/locksettings.db,4,20,14,0/22/1,0/22/1,/data/system/locksettings.db (1),4,20,23,14/24/3,14/24/3,/data/data/com.android.providers.settings/databases/settings.db,4,68,54,21/32/9,21/32/9,/data/system/users/0/accounts.db,4,64,25,4/26/3,4/26/3
[dumpsys: 3.305s elapsed]

